function [matriz] = init_caminho()
   m = [0, 1, 7, 2, 6, 3, 1;
        1, 0, 1, 9 , 3, 10, 8;
        7, 1, 0, 1, 4, 3, 7;
        2, 9, 1, 0 , 1, 2, 5;
        6, 3, 4, 1, 0, 1, 2;
        1, 0 , 3, 2, 1, 0, 1;
        1, 8, 7, 5, 2, 1, 0];

   matriz = m;



